0, 0
10, 0
20, 0
30, 0
40, 0
50, 0
60, 7
70, 29
80, 60
90, 58
100, 74
110, 81
120, 90
130, 96
140, 115
150, 109
160, 154
170, 135
180, 161
190, 172
200, 174
210, 220
220, 303
230, 282
240, 381
250, 370
260, 392
270, 428
280, 453
290, 456
300, 521
310, 600
320, 580
330, 646
340, 639
350, 769
360, 775
370, 814
380, 891
390, 846
400, 908
410, 944
420, 1001
430, 1064
440, 1185
450, 1219
460, 1333
470, 1483
480, 1438
490, 1566
500, 1641
510, 1776
520, 1867
530, 1876
540, 1956
550, 1996
560, 1972
570, 2146
580, 2201
590, 2249
600, 2323
610, 2369
620, 2475
630, 2651
640, 2700
650, 2939
660, 2894
670, 2953
680, 3110
690, 3184
700, 3363
710, 3412
720, 3685
730, 3833
740, 3889
750, 4037
760, 4378
770, 4356
780, 4316
790, 4517
800, 4630
810, 4595
820, 4787
830, 4855
840, 5208
850, 5141
860, 5295
870, 5788
880, 5777
890, 5825
900, 5791
910, 6154
920, 6119
930, 6358
940, 6758
950, 6566
960, 7092
970, 7089
980, 7631
990, 7245
1000, 8117
1010, 7988
1020, 8365
1030, 8220
1040, 7970
1050, 8475
1060, 9117
1070, 8501
1080, 9107
1090, 9645
1100, 9379
1110, 9300
1120, 9450
1130, 9346
1140, 9587
1150, 9769
1160, 9927
1170, 10043
1180, 10512
1190, 10025
1200, 11197
1210, 11370
1220, 11613
1230, 11263
1240, 12223
1250, 12030
1260, 11211
1270, 12992
1280, 12278
1290, 12563
1300, 13160
1310, 12606
1320, 13529
1330, 13135
1340, 13438
1350, 13953
1360, 14901
1370, 13875
1380, 14828
1390, 14788
1400, 14661
1410, 14651
1420, 15799
1430, 16251
1440, 15340
1450, 14756
1460, 15297
1470, 17002
1480, 15783
1490, 15912
1500, 16548
1510, 16722
1520, 17081
1530, 17450
1540, 17131
1550, 18612
1560, 18879
1570, 19221
1580, 18118
1590, 19745
1600, 19875
1610, 20730
1620, 20121
1630, 20566
1640, 20926
1650, 21571
1660, 20651
1670, 21644
1680, 21836
1690, 21447
1700, 22062
1710, 22677
1720, 21325
1730, 23887
1740, 22957
1750, 22968
1760, 23697
1770, 25416
1780, 25743
1790, 28824
1800, 28610
1810, 26273
1820, 26461
1830, 27619
1840, 27315
1850, 26818
1860, 27956
1870, 27886
1880, 27307
1890, 27461
1900, 28195
1910, 28278
1920, 27296
1930, 26994
1940, 28977
1950, 28206
1960, 28497
1970, 30197
1980, 29862
1990, 30916
2000, 31862
2010, 29981
2020, 30475
2030, 31326
2040, 32273
2050,
